step;body_id;x;y;z
0;0;6.6743e+07;6.6743e+07;0
0;1;-9.03402e+07;2.35972e+07;0
0;2;2.35972e+07;-9.03402e+07;0
1;0;1.33486e+08;1.33486e+08;0
1;1;-1.8068e+08;4.71944e+07;0
1;2;4.71944e+07;-1.8068e+08;0
2;0;2.00229e+08;2.00229e+08;0
2;1;-2.71021e+08;7.07917e+07;0
2;2;7.07917e+07;-2.71021e+08;0
3;0;2.66972e+08;2.66972e+08;0
3;1;-3.61361e+08;9.43889e+07;0
3;2;9.43889e+07;-3.61361e+08;0
4;0;3.33715e+08;3.33715e+08;0
4;1;-4.51701e+08;1.17986e+08;0
4;2;1.17986e+08;-4.51701e+08;0
5;0;4.00458e+08;4.00458e+08;0
5;1;-5.42041e+08;1.41583e+08;0
5;2;1.41583e+08;-5.42041e+08;0
6;0;4.67201e+08;4.67201e+08;0
6;1;-6.32382e+08;1.65181e+08;0
6;2;1.65181e+08;-6.32382e+08;0
7;0;5.33944e+08;5.33944e+08;0
7;1;-7.22722e+08;1.88778e+08;0
7;2;1.88778e+08;-7.22722e+08;0
8;0;6.00687e+08;6.00687e+08;0
8;1;-8.13062e+08;2.12375e+08;0
8;2;2.12375e+08;-8.13062e+08;0
9;0;6.6743e+08;6.6743e+08;0
9;1;-9.03402e+08;2.35972e+08;0
9;2;2.35972e+08;-9.03402e+08;0
10;0;7.34173e+08;7.34173e+08;0
10;1;-9.93742e+08;2.59569e+08;0
10;2;2.59569e+08;-9.93742e+08;0
11;0;8.00916e+08;8.00916e+08;0
11;1;-1.08408e+09;2.83167e+08;0
11;2;2.83167e+08;-1.08408e+09;0
12;0;8.67659e+08;8.67659e+08;0
12;1;-1.17442e+09;3.06764e+08;0
12;2;3.06764e+08;-1.17442e+09;0
13;0;9.34402e+08;9.34402e+08;0
13;1;-1.26476e+09;3.30361e+08;0
13;2;3.30361e+08;-1.26476e+09;0
14;0;1.00114e+09;1.00114e+09;0
14;1;-1.3551e+09;3.53958e+08;0
14;2;3.53958e+08;-1.3551e+09;0
15;0;1.06789e+09;1.06789e+09;0
15;1;-1.44544e+09;3.77555e+08;0
15;2;3.77555e+08;-1.44544e+09;0
16;0;1.13463e+09;1.13463e+09;0
16;1;-1.53578e+09;4.01153e+08;0
16;2;4.01153e+08;-1.53578e+09;0
17;0;1.20137e+09;1.20137e+09;0
17;1;-1.62612e+09;4.2475e+08;0
17;2;4.2475e+08;-1.62612e+09;0
18;0;1.26812e+09;1.26812e+09;0
18;1;-1.71646e+09;4.48347e+08;0
18;2;4.48347e+08;-1.71646e+09;0
19;0;1.33486e+09;1.33486e+09;0
19;1;-1.8068e+09;4.71944e+08;0
19;2;4.71944e+08;-1.8068e+09;0
20;0;1.4016e+09;1.4016e+09;0
20;1;-1.89714e+09;4.95542e+08;0
20;2;4.95542e+08;-1.89714e+09;0
21;0;1.46835e+09;1.46835e+09;0
21;1;-1.98748e+09;5.19139e+08;0
21;2;5.19139e+08;-1.98748e+09;0
22;0;1.53509e+09;1.53509e+09;0
22;1;-2.07783e+09;5.42736e+08;0
22;2;5.42736e+08;-2.07783e+09;0
23;0;1.60183e+09;1.60183e+09;0
23;1;-2.16817e+09;5.66333e+08;0
23;2;5.66333e+08;-2.16817e+09;0
24;0;1.66858e+09;1.66858e+09;0
24;1;-2.25851e+09;5.8993e+08;0
24;2;5.8993e+08;-2.25851e+09;0
25;0;1.73532e+09;1.73532e+09;0
25;1;-2.34885e+09;6.13528e+08;0
25;2;6.13528e+08;-2.34885e+09;0
26;0;1.80206e+09;1.80206e+09;0
26;1;-2.43919e+09;6.37125e+08;0
26;2;6.37125e+08;-2.43919e+09;0
27;0;1.8688e+09;1.8688e+09;0
27;1;-2.52953e+09;6.60722e+08;0
27;2;6.60722e+08;-2.52953e+09;0
28;0;1.93555e+09;1.93555e+09;0
28;1;-2.61987e+09;6.84319e+08;0
28;2;6.84319e+08;-2.61987e+09;0
29;0;2.00229e+09;2.00229e+09;0
29;1;-2.71021e+09;7.07917e+08;0
29;2;7.07917e+08;-2.71021e+09;0
30;0;2.06903e+09;2.06903e+09;0
30;1;-2.80055e+09;7.31514e+08;0
30;2;7.31514e+08;-2.80055e+09;0
31;0;2.13578e+09;2.13578e+09;0
31;1;-2.89089e+09;7.55111e+08;0
31;2;7.55111e+08;-2.89089e+09;0
32;0;2.20252e+09;2.20252e+09;0
32;1;-2.98123e+09;7.78708e+08;0
32;2;7.78708e+08;-2.98123e+09;0
33;0;2.26926e+09;2.26926e+09;0
33;1;-3.07157e+09;8.02306e+08;0
33;2;8.02306e+08;-3.07157e+09;0
34;0;2.33601e+09;2.33601e+09;0
34;1;-3.16191e+09;8.25903e+08;0
34;2;8.25903e+08;-3.16191e+09;0
35;0;2.40275e+09;2.40275e+09;0
35;1;-3.25225e+09;8.495e+08;0
35;2;8.495e+08;-3.25225e+09;0
36;0;2.46949e+09;2.46949e+09;0
36;1;-3.34259e+09;8.73097e+08;0
36;2;8.73097e+08;-3.34259e+09;0
37;0;2.53623e+09;2.53623e+09;0
37;1;-3.43293e+09;8.96695e+08;0
37;2;8.96695e+08;-3.43293e+09;0
38;0;2.60298e+09;2.60298e+09;0
38;1;-3.52327e+09;9.20292e+08;0
38;2;9.20292e+08;-3.52327e+09;0
39;0;2.66972e+09;2.66972e+09;0
39;1;-3.61361e+09;9.43889e+08;0
39;2;9.43889e+08;-3.61361e+09;0
40;0;2.73646e+09;2.73646e+09;0
40;1;-3.70395e+09;9.67486e+08;0
40;2;9.67486e+08;-3.70395e+09;0
41;0;2.80321e+09;2.80321e+09;0
41;1;-3.79429e+09;9.91084e+08;0
41;2;9.91084e+08;-3.79429e+09;0
42;0;2.86995e+09;2.86995e+09;0
42;1;-3.88463e+09;1.01468e+09;0
42;2;1.01468e+09;-3.88463e+09;0
43;0;2.93669e+09;2.93669e+09;0
43;1;-3.97497e+09;1.03828e+09;0
43;2;1.03828e+09;-3.97497e+09;0
44;0;3.00344e+09;3.00344e+09;0
44;1;-4.06531e+09;1.06188e+09;0
44;2;1.06188e+09;-4.06531e+09;0
45;0;3.07018e+09;3.07018e+09;0
45;1;-4.15565e+09;1.08547e+09;0
45;2;1.08547e+09;-4.15565e+09;0
46;0;3.13692e+09;3.13692e+09;0
46;1;-4.24599e+09;1.10907e+09;0
46;2;1.10907e+09;-4.24599e+09;0
47;0;3.20367e+09;3.20367e+09;0
47;1;-4.33633e+09;1.13267e+09;0
47;2;1.13267e+09;-4.33633e+09;0
48;0;3.27041e+09;3.27041e+09;0
48;1;-4.42667e+09;1.15626e+09;0
48;2;1.15626e+09;-4.42667e+09;0
49;0;3.33715e+09;3.33715e+09;0
49;1;-4.51701e+09;1.17986e+09;0
49;2;1.17986e+09;-4.51701e+09;0
50;0;3.40389e+09;3.40389e+09;0
50;1;-4.60735e+09;1.20346e+09;0
50;2;1.20346e+09;-4.60735e+09;0
51;0;3.47064e+09;3.47064e+09;0
51;1;-4.6977e+09;1.22706e+09;0
51;2;1.22706e+09;-4.6977e+09;0
52;0;3.53738e+09;3.53738e+09;0
52;1;-4.78804e+09;1.25065e+09;0
52;2;1.25065e+09;-4.78804e+09;0
53;0;3.60412e+09;3.60412e+09;0
53;1;-4.87838e+09;1.27425e+09;0
53;2;1.27425e+09;-4.87838e+09;0
54;0;3.67087e+09;3.67087e+09;0
54;1;-4.96872e+09;1.29785e+09;0
54;2;1.29785e+09;-4.96872e+09;0
55;0;3.73761e+09;3.73761e+09;0
55;1;-5.05906e+09;1.32144e+09;0
55;2;1.32144e+09;-5.05906e+09;0
56;0;3.80435e+09;3.80435e+09;0
56;1;-5.1494e+09;1.34504e+09;0
56;2;1.34504e+09;-5.1494e+09;0
57;0;3.8711e+09;3.8711e+09;0
57;1;-5.23974e+09;1.36864e+09;0
57;2;1.36864e+09;-5.23974e+09;0
58;0;3.93784e+09;3.93784e+09;0
58;1;-5.33008e+09;1.39224e+09;0
58;2;1.39224e+09;-5.33008e+09;0
59;0;4.00458e+09;4.00458e+09;0
59;1;-5.42042e+09;1.41583e+09;0
59;2;1.41583e+09;-5.42042e+09;0
60;0;4.07132e+09;4.07132e+09;0
60;1;-5.51076e+09;1.43943e+09;0
60;2;1.43943e+09;-5.51076e+09;0
61;0;4.13807e+09;4.13807e+09;0
61;1;-5.6011e+09;1.46303e+09;0
61;2;1.46303e+09;-5.6011e+09;0
62;0;4.20481e+09;4.20481e+09;0
62;1;-5.69144e+09;1.48662e+09;0
62;2;1.48662e+09;-5.69144e+09;0
63;0;4.27155e+09;4.27155e+09;0
63;1;-5.78178e+09;1.51022e+09;0
63;2;1.51022e+09;-5.78178e+09;0
64;0;4.3383e+09;4.3383e+09;0
64;1;-5.87212e+09;1.53382e+09;0
64;2;1.53382e+09;-5.87212e+09;0
65;0;4.40504e+09;4.40504e+09;0
65;1;-5.96246e+09;1.55742e+09;0
65;2;1.55742e+09;-5.96246e+09;0
66;0;4.47178e+09;4.47178e+09;0
66;1;-6.0528e+09;1.58101e+09;0
66;2;1.58101e+09;-6.0528e+09;0
67;0;4.53853e+09;4.53853e+09;0
67;1;-6.14314e+09;1.60461e+09;0
67;2;1.60461e+09;-6.14314e+09;0
68;0;4.60527e+09;4.60527e+09;0
68;1;-6.23348e+09;1.62821e+09;0
68;2;1.62821e+09;-6.23348e+09;0
69;0;4.67201e+09;4.67201e+09;0
69;1;-6.32382e+09;1.65181e+09;0
69;2;1.65181e+09;-6.32382e+09;0
70;0;4.73875e+09;4.73875e+09;0
70;1;-6.41416e+09;1.6754e+09;0
70;2;1.6754e+09;-6.41416e+09;0
71;0;4.8055e+09;4.8055e+09;0
71;1;-6.5045e+09;1.699e+09;0
71;2;1.699e+09;-6.5045e+09;0
72;0;4.87224e+09;4.87224e+09;0
72;1;-6.59484e+09;1.7226e+09;0
72;2;1.7226e+09;-6.59484e+09;0
73;0;4.93898e+09;4.93898e+09;0
73;1;-6.68518e+09;1.74619e+09;0
73;2;1.74619e+09;-6.68518e+09;0
74;0;5.00572e+09;5.00572e+09;0
74;1;-6.77552e+09;1.76979e+09;0
74;2;1.76979e+09;-6.77552e+09;0
75;0;5.07247e+09;5.07247e+09;0
75;1;-6.86586e+09;1.79339e+09;0
75;2;1.79339e+09;-6.86586e+09;0
76;0;5.13921e+09;5.13921e+09;0
76;1;-6.9562e+09;1.81699e+09;0
76;2;1.81699e+09;-6.9562e+09;0
77;0;5.20595e+09;5.20595e+09;0
77;1;-7.04654e+09;1.84058e+09;0
77;2;1.84058e+09;-7.04654e+09;0
78;0;5.2727e+09;5.2727e+09;0
78;1;-7.13688e+09;1.86418e+09;0
78;2;1.86418e+09;-7.13688e+09;0
79;0;5.33944e+09;5.33944e+09;0
79;1;-7.22723e+09;1.88778e+09;0
79;2;1.88778e+09;-7.22723e+09;0
80;0;5.40618e+09;5.40618e+09;0
80;1;-7.31757e+09;1.91137e+09;0
80;2;1.91137e+09;-7.31757e+09;0
81;0;5.47292e+09;5.47292e+09;0
81;1;-7.40791e+09;1.93497e+09;0
81;2;1.93497e+09;-7.40791e+09;0
82;0;5.53967e+09;5.53967e+09;0
82;1;-7.49825e+09;1.95857e+09;0
82;2;1.95857e+09;-7.49825e+09;0
83;0;5.60641e+09;5.60641e+09;0
83;1;-7.58859e+09;1.98217e+09;0
83;2;1.98217e+09;-7.58859e+09;0
84;0;5.67315e+09;5.67315e+09;0
84;1;-7.67893e+09;2.00576e+09;0
84;2;2.00576e+09;-7.67893e+09;0
85;0;5.7399e+09;5.7399e+09;0
85;1;-7.76927e+09;2.02936e+09;0
85;2;2.02936e+09;-7.76927e+09;0
86;0;5.80664e+09;5.80664e+09;0
86;1;-7.85961e+09;2.05296e+09;0
86;2;2.05296e+09;-7.85961e+09;0
87;0;5.87338e+09;5.87338e+09;0
87;1;-7.94995e+09;2.07655e+09;0
87;2;2.07655e+09;-7.94995e+09;0
88;0;5.94012e+09;5.94012e+09;0
88;1;-8.04029e+09;2.10015e+09;0
88;2;2.10015e+09;-8.04029e+09;0
89;0;6.00687e+09;6.00687e+09;0
89;1;-8.13063e+09;2.12375e+09;0
89;2;2.12375e+09;-8.13063e+09;0
90;0;6.07361e+09;6.07361e+09;0
90;1;-8.22097e+09;2.14735e+09;0
90;2;2.14735e+09;-8.22097e+09;0
91;0;6.14035e+09;6.14035e+09;0
91;1;-8.31131e+09;2.17094e+09;0
91;2;2.17094e+09;-8.31131e+09;0
92;0;6.20709e+09;6.20709e+09;0
92;1;-8.40165e+09;2.19454e+09;0
92;2;2.19454e+09;-8.40165e+09;0
93;0;6.27384e+09;6.27384e+09;0
93;1;-8.49199e+09;2.21814e+09;0
93;2;2.21814e+09;-8.49199e+09;0
94;0;6.34058e+09;6.34058e+09;0
94;1;-8.58233e+09;2.24174e+09;0
94;2;2.24174e+09;-8.58233e+09;0
95;0;6.40732e+09;6.40732e+09;0
95;1;-8.67267e+09;2.26533e+09;0
95;2;2.26533e+09;-8.67267e+09;0
96;0;6.47407e+09;6.47407e+09;0
96;1;-8.76301e+09;2.28893e+09;0
96;2;2.28893e+09;-8.76301e+09;0
97;0;6.54081e+09;6.54081e+09;0
97;1;-8.85335e+09;2.31253e+09;0
97;2;2.31253e+09;-8.85335e+09;0
98;0;6.60755e+09;6.60755e+09;0
98;1;-8.94369e+09;2.33612e+09;0
98;2;2.33612e+09;-8.94369e+09;0
99;0;6.67429e+09;6.67429e+09;0
99;1;-9.03403e+09;2.35972e+09;0
99;2;2.35972e+09;-9.03403e+09;0
